header:
  seq: 999
  stamp:
    secs: 1435607489
    nsecs: 924811809
  frame_id: gps_map
status:
  status: 0
  service: 1
latitude: 37.56210566421452
longitude: 126.9344763024742
altitude: 36.20190576370855
position_covariance: [3.9561210000000004, 0.0, 0.0, 0.0, 3.9561210000000004, 0.0, 0.0, 0.0, 7.650756]
position_covariance_type: 2
